0.00249377
0.00250335
0.002513
0.00252274
0.00253256
0.00254246
0.00255243
0.00256249
0.00257263
0.00258285
0.00259315
0.00260354
0.002614
0.00262455
0.00263519
0.00264591
0.00265671
0.00266759
0.00267856
0.00268962
0.00270076
0.00271199
0.00272331
0.00273471
0.0027462
0.00275778
0.00276944
0.0027812
0.00279304
0.00280497
0.002817
0.00282911
0.00284131
0.00285361
0.00286599
0.00287847
0.00289104
0.00290371
0.00291646
0.00292931
0.00294225
0.00295529
0.00296842
0.00298165
0.00299498
0.00300839
0.00302191
0.00303552
0.00304923
0.00306304
0.00307694
0.00309094
0.00310504
0.00311924
0.00313353
0.00314793
0.00316242
0.003177
0.00319168
0.00320646
0.00322133
0.0032363
0.00325136
0.00326652
0.00328177
0.00329712
0.00331256
0.00332809
0.00334372
0.00335944
0.00337525
0.00339115
0.00340715
0.00342324
0.00343941
0.00345568
0.00347204
0.00348849
0.00350503
0.00352166
0.00353838
0.00355519
0.00357209
0.00358908
0.00360615
0.00362331
0.00364056
0.0036579
0.00367533
0.00369284
0.00371043
0.00372812
0.00374589
0.00376374
0.00378168
0.00379971
0.00381782
0.00383601
0.00385429
0.00387265
0.00389109
0.00390962
0.00392824
0.00394696
0.00396578
0.00398472
0.00400377
0.00402296
0.00404228
0.00406175
0.00408136
0.00410113
0.00412107
0.00414119
0.00416148
0.00418196
0.00420264
0.00422353
0.00424462
0.00426593
0.00428747
0.00430924
0.00433126
0.00435352
0.00437604
0.00439882
0.00442188
0.00444521
0.00446883
0.00449274
0.00451696
0.00454148
0.00456633
0.00459149
0.00461699
0.00464283
0.00466901
0.00469555
0.00472245
0.00474972
0.00477736
0.00480539
0.00483382
0.00486264
0.00489187
0.00492151
0.00495158
0.00498207
0.00501301
0.00504438
0.00507621
0.0051085
0.00514123
0.00517438
0.00520794
0.0052419
0.00527622
0.00531091
0.00534593
0.00538128
0.00541693
0.00545287
0.00548908
0.00552555
0.00556225
0.00559917
0.0056363
0.00567361
0.00571109
0.00574872
0.00578648
0.00582436
0.00586234
0.0059004
0.00593853
0.00597671
0.00601491
0.00605314
0.00609135
0.00612955
0.00616771
0.00620582
0.00624385
0.00628179
0.00631963
0.00635735
0.00639492
0.00643234
0.00646958
0.00650663
0.00654347
0.00658009
0.00661646
0.00665257
0.00668841
0.00672395
0.00675918
0.00679407
0.00682863
0.00686282
0.00689662
0.00693005
0.00696317
0.00699607
0.00702883
0.00706154
0.00709429
0.00712717
0.00716027
0.00719366
0.00722745
0.00726171
0.00729653
0.00733201
0.00736822
0.00740527
0.00744322
0.00748218
0.00752222
0.00756344
0.00760592
0.00764976
0.00769503
0.00774183
0.00779024
0.00784035
0.00789224
0.00794601
0.00800175
0.00805953
0.00811945
0.0081816
0.00824606
0.00831291
0.00838226
0.00845417
0.00852875
0.00860608
0.00868624
0.00876933
0.00885543
0.00894463
0.00903701
0.00913267
0.00923168
0.00933415
0.00944015
0.00954977
0.0096631
0.00978024
0.00990125
0.0100262
0.0101548
0.0102869
0.0104221
0.0105602
0.0107009
0.010844
0.0109892
0.0111362
0.0112847
0.0114344
0.0115852
0.0117367
0.0118887
0.0120408
0.0121929
0.0123446
0.0124957
0.0126459
0.012795
0.0129426
0.0130885
0.0132324
0.0133741
0.0135133
0.0136496
0.013783
0.013913
0.0140394
0.0141619
0.0142803
0.0143943
0.0145036
0.014608
0.0147071
0.0148008
0.0148887
0.0149706
0.0150462
0.0151152
0.0151774
0.0152324
0.0152801
0.0153202
0.0153523
0.0153762
0.0153917
0.0153984
0.0153961
0.0153846
0.0153637
0.0153345
0.0152981
0.0152557
0.0152084
0.0151574
0.0151039
0.0150491
0.0149941
0.01494
0.0148882
0.0148396
0.0147956
0.0147573
0.0147258
0.0147023
0.014688
0.014684
0.0146916
0.0147119
0.014746
0.0147952
0.0148606
0.0149434
0.0150447
0.0151657
0.0153077
0.0154717
0.0156589
0.0158705
0.0161077
0.0163716
0.0166634
0.0169843
0.0173355
0.0177181
0.0181333
0.0185822
0.0190661
0.0195861
0.0201433
0.020739
0.0213743
0.0220504
0.0227685
0.0235297
0.0243351
0.0251861
0.0260836
0.027029
0.0280225
0.0290613
0.0301415
0.0312595
0.0324115
0.0335938
0.0348026
0.0360342
0.0372848
0.0385508
0.0398283
0.0411137
0.0424031
0.043693
0.0449794
0.0462587
0.0475272
0.048781
0.0500166
0.05123
0.0524176
0.0535757
0.0547005
0.0557882
0.0568352
0.0578377
0.0587919
0.0596941
0.0605405
0.0613276
0.0620514
0.0627082
0.0632944
0.0638061
0.0642397
0.0645914
0.0648574
0.0650341
0.0651176
0.0651043
0.0649904
0.0647721
0.0644457
0.0640076
0.0634539
0.0627808
0.0619848
0.061062
0.0600086
0.058821
0.0574991
0.0560573
0.0545137
0.0528863
0.0511933
0.0494527
0.0476825
0.0459009
0.0441259
0.0423755
0.0406679
0.0390211
0.0374532
0.0359823
0.0346263
0.0334035
0.0323318
0.0314293
0.0307142
0.0302044
0.029918
0.0298731
0.0300878
0.0305802
0.0313682
0.0324701
0.0339038
0.0356874
0.037839
0.0403766
0.0433184
0.0466824
0.0504866
0.0547491
0.0594881
0.0647216
0.0704675
0.0767441
0.0835694
0.0909614
0.0989382
0.107518
0.116719
0.126558
0.137055
0.148227
0.160092
0.172669
0.185975
0.200028
0.214837
0.230369
0.246582
0.263433
0.280882
0.298885
0.317401
0.336387
0.355801
0.3756
0.395744
0.416189
0.436894
0.457816
0.478913
0.500143
0.521463
0.542832
0.564208
0.585548
0.60681
0.627952
0.648932
0.669707
0.690236
0.710476
0.730386
0.749922
0.769043
0.787707
0.805871
0.823493
0.840532
0.856945
0.872689
0.887723
0.902004
0.915491
0.928141
0.939912
0.950762
0.960648
0.969529
0.977363
0.984106
0.989718
0.994155
0.997376
0.999338
1
0.999333
0.997366
0.99414
0.989698
0.984082
0.977335
0.969497
0.960612
0.950722
0.939869
0.928095
0.915441
0.901951
0.887667
0.87263
0.856883
0.840468
0.823427
0.805802
0.787636
0.768971
0.749848
0.73031
0.7104
0.690158
0.669628
0.648852
0.627872
0.606729
0.585467
0.564126
0.542751
0.521381
0.500061
0.478832
0.457735
0.436814
0.416111
0.395666
0.375524
0.355726
0.336313
0.317329
0.298815
0.280814
0.263368
0.246518
0.230308
0.214779
0.199973
0.185922
0.172619
0.160046
0.148183
0.137014
0.126519
0.116682
0.107484
0.0989066
0.090932
0.0835422
0.0767191
0.0704446
0.0647006
0.0594691
0.0547319
0.0504712
0.0466686
0.0433063
0.0403661
0.03783
0.0356798
0.0338976
0.0324652
0.0313646
0.0305777
0.0300865
0.0298728
0.0299186
0.0302059
0.0307165
0.0314324
0.0323356
0.0334079
0.0346313
0.0359877
0.0374591
0.0390273
0.0406744
0.0423822
0.0441326
0.0459077
0.0476893
0.0494594
0.0511999
0.0528927
0.0545198
0.056063
0.0575044
0.0588259
0.0600129
0.0610657
0.0619881
0.0627837
0.0634562
0.0640095
0.0644472
0.0647731
0.064991
0.0651045
0.0651175
0.0650336
0.0648566
0.0645902
0.0642382
0.0638043
0.0632923
0.0627058
0.0620487
0.0613247
0.0605374
0.0596907
0.0587883
0.0578339
0.0568313
0.0557841
0.0546962
0.0535713
0.0524131
0.0512254
0.0500119
0.0487763
0.0475224
0.0462538
0.0449745
0.043688
0.0423982
0.0411087
0.0398234
0.0385459
0.03728
0.0360294
0.0347979
0.0335892
0.032407
0.0312552
0.0301373
0.0290572
0.0280186
0.0270253
0.0260801
0.0251827
0.024332
0.0235267
0.0227657
0.0220478
0.0213718
0.0207367
0.0201411
0.019584
0.0190642
0.0185804
0.0181316
0.0177166
0.0173341
0.0169831
0.0166623
0.0163705
0.0161067
0.0158696
0.0156581
0.015471
0.0153071
0.0151652
0.0150443
0.014943
0.0148603
0.014795
0.0147459
0.0147118
0.0146916
0.014684
0.014688
0.0147024
0.0147259
0.0147574
0.0147958
0.0148398
0.0148884
0.0149402
0.0149943
0.0150493
0.0151041
0.0151576
0.0152086
0.0152559
0.0152983
0.0153347
0.0153638
0.0153846
0.0153961
0.0153984
0.0153916
0.0153761
0.0153522
0.01532
0.01528
0.0152322
0.0151771
0.0151149
0.0150459
0.0149703
0.0148884
0.0148005
0.0147068
0.0146076
0.0145032
0.0143939
0.0142799
0.0141614
0.0140389
0.0139125
0.0137825
0.0136491
0.0135127
0.0133735
0.0132319
0.0130879
0.012942
0.0127944
0.0126454
0.0124952
0.0123441
0.0121923
0.0120403
0.0118881
0.0117361
0.0115846
0.0114339
0.0112841
0.0111356
0.0109886
0.0108435
0.0107004
0.0105597
0.0104216
0.0102864
0.0101543
0.0100257
0.00990078
0.00977978
0.00966266
0.00954934
0.00943973
0.00933375
0.0092313
0.00913229
0.00903665
0.00894428
0.00885509
0.00876901
0.00868593
0.00860578
0.00852846
0.00845389
0.00838199
0.00831265
0.00824581
0.00818136
0.00811922
0.00805931
0.00800153
0.0079458
0.00789204
0.00784015
0.00779005
0.00774164
0.00769485
0.00764959
0.00760576
0.00756328
0.00752207
0.00748203
0.00744307
0.00740512
0.00736808
0.00733187
0.0072964
0.00726158
0.00722732
0.00719353
0.00716014
0.00712705
0.00709417
0.00706142
0.0070287
0.00699594
0.00696304
0.00692993
0.0068965
0.00686269
0.0068285
0.00679394
0.00675904
0.00672381
0.00668827
0.00665244
0.00661632
0.00657995
0.00654333
0.00650649
0.00646944
0.0064322
0.00639478
0.0063572
0.00631949
0.00628165
0.0062437
0.00620567
0.00616756
0.0061294
0.00609121
0.00605299
0.00601477
0.00597656
0.00593838
0.00590026
0.00586219
0.00582421
0.00578634
0.00574857
0.00571094
0.00567347
0.00563616
0.00559903
0.00556211
0.00552541
0.00548894
0.00545273
0.00541679
0.00538114
0.0053458
0.00531077
0.00527609
0.00524177
0.00520781
0.00517425
0.0051411
0.00510837
0.00507609
0.00504426
0.00501289
0.00498195
0.00495146
0.0049214
0.00489175
0.00486253
0.00483371
0.00480528
0.00477726
0.00474961
0.00472234
0.00469544
0.00466891
0.00464273
0.00461689
0.00459139
0.00456623
0.00454139
0.00451687
0.00449265
0.00446874
0.00444512
0.00442179
0.00439873
0.00437595
0.00435343
0.00433117
0.00430916
0.00428739
0.00426585
0.00424454
0.00422345
0.00420256
0.00418189
0.0041614
0.00414111
0.004121
0.00410106
0.00408128
0.00406167
0.00404221
0.00402289
0.0040037
0.00398464
0.00396571
0.00394689
0.00392817
0.00390955
0.00389102
0.00387258
0.00385422
0.00383594
0.00381775
0.00379964
0.00378161
0.00376367
0.00374582
0.00372805
0.00371037
0.00369277
0.00367526
0.00365783
0.0036405
0.00362325
0.00360609
0.00358901
0.00357203
0.00355513
0.00353832
0.0035216
0.00350497
0.00348843
0.00347198
0.00345562
0.00343935
0.00342317
0.00340709
0.00339109
0.00337519
0.00335938
0.00334366
0.00332803
0.0033125
0.00329706
0.00328171
0.00326646
0.00325131
0.00323624
0.00322128
0.0032064
0.00319163
0.00317694
0.00316236
0.00314787
0.00313348
0.00311918
0.00310499
0.00309089
0.00307689
0.00306298
0.00304918
0.00303547
0.00302186
0.00300834
0.00299492
0.0029816
0.00296837
0.00295524
0.0029422
0.00292926
0.00291641
0.00290366
0.00289099
0.00287842
0.00286595
0.00285356
0.00284127
0.00282906
0.00281695
0.00280493
0.00279299
0.00278115
0.0027694
0.00275773
0.00274615
0.00273466
0.00272326
0.00271195
0.00270072
0.00268958
0.00267852
0.00266755
0.00265666
0.00264586
0.00263515
0.00262451
0.00261396
0.0026035
0.00259311
0.00258281
0.00257259
0.00256245
0.00255239
0.00254242
0.00253252
0.0025227
0.00251297
0.00250331
-0.0572008
