-5
-4.99
-4.98
-4.97
-4.96
-4.95
-4.94
-4.93
-4.92
-4.91
-4.9
-4.89
-4.88
-4.87
-4.86
-4.85
-4.84
-4.83
-4.82
-4.81
-4.8
-4.79
-4.77999
-4.76999
-4.75999
-4.74999
-4.73999
-4.72999
-4.71999
-4.70999
-4.69999
-4.68999
-4.67999
-4.66999
-4.65999
-4.64999
-4.63999
-4.62999
-4.61999
-4.60999
-4.59999
-4.58999
-4.57999
-4.56999
-4.55999
-4.54999
-4.53999
-4.52999
-4.51999
-4.50999
-4.49999
-4.48999
-4.47999
-4.46999
-4.45999
-4.44999
-4.43999
-4.42999
-4.41999
-4.40999
-4.39999
-4.38999
-4.37999
-4.36999
-4.35999
-4.34999
-4.33998
-4.32998
-4.31998
-4.30998
-4.29998
-4.28998
-4.27998
-4.26998
-4.25998
-4.24998
-4.23998
-4.22998
-4.21998
-4.20998
-4.19998
-4.18998
-4.17998
-4.16998
-4.15998
-4.14998
-4.13998
-4.12998
-4.11998
-4.10998
-4.09998
-4.08998
-4.07998
-4.06998
-4.05998
-4.04998
-4.03998
-4.02998
-4.01998
-4.00998
-3.99998
-3.98998
-3.97998
-3.96998
-3.95998
-3.94998
-3.93998
-3.92998
-3.91998
-3.90998
-3.89998
-3.88998
-3.87998
-3.86998
-3.85998
-3.84998
-3.83998
-3.82998
-3.81998
-3.80998
-3.79998
-3.78998
-3.77998
-3.76998
-3.75998
-3.74998
-3.73998
-3.72998
-3.71998
-3.70998
-3.69998
-3.68998
-3.67998
-3.66998
-3.65998
-3.64998
-3.63998
-3.62998
-3.61998
-3.60998
-3.59998
-3.58998
-3.57998
-3.56998
-3.55998
-3.54998
-3.53998
-3.52998
-3.51998
-3.50998
-3.49998
-3.48998
-3.47998
-3.46998
-3.45998
-3.44998
-3.43998
-3.42998
-3.41998
-3.40998
-3.39998
-3.38998
-3.37998
-3.36998
-3.35998
-3.34998
-3.33998
-3.32998
-3.31998
-3.30998
-3.29998
-3.28998
-3.27998
-3.26998
-3.25998
-3.24998
-3.23998
-3.22998
-3.21998
-3.20998
-3.19998
-3.18998
-3.17998
-3.16998
-3.15998
-3.14998
-3.13998
-3.12998
-3.11998
-3.10998
-3.09998
-3.08998
-3.07998
-3.06998
-3.05998
-3.04998
-3.03998
-3.02998
-3.01998
-3.00998
-2.99998
-2.98998
-2.97998
-2.96998
-2.95998
-2.94998
-2.93998
-2.92998
-2.91998
-2.90998
-2.89998
-2.88998
-2.87998
-2.86998
-2.85998
-2.84998
-2.83998
-2.82998
-2.81998
-2.80998
-2.79998
-2.78998
-2.77998
-2.76998
-2.75998
-2.74998
-2.73998
-2.72998
-2.71998
-2.70998
-2.69998
-2.68998
-2.67998
-2.66998
-2.65998
-2.64998
-2.63998
-2.62998
-2.61998
-2.60998
-2.59998
-2.58998
-2.57998
-2.56998
-2.55998
-2.54998
-2.53998
-2.52998
-2.51998
-2.50998
-2.49998
-2.48998
-2.47998
-2.46998
-2.45998
-2.44998
-2.43998
-2.42998
-2.41998
-2.40998
-2.39998
-2.38998
-2.37998
-2.36998
-2.35998
-2.34998
-2.33998
-2.32998
-2.31998
-2.30998
-2.29998
-2.28998
-2.27998
-2.26998
-2.25998
-2.24998
-2.23998
-2.22998
-2.21998
-2.20998
-2.19998
-2.18998
-2.17998
-2.16998
-2.15998
-2.14998
-2.13998
-2.12998
-2.11998
-2.10998
-2.09998
-2.08998
-2.07998
-2.06998
-2.05998
-2.04998
-2.03998
-2.02998
-2.01998
-2.00998
-1.99998
-1.98998
-1.97998
-1.96998
-1.95998
-1.94998
-1.93998
-1.92998
-1.91998
-1.90998
-1.89998
-1.88998
-1.87998
-1.86998
-1.85998
-1.84998
-1.83998
-1.82998
-1.81998
-1.80998
-1.79998
-1.78998
-1.77998
-1.76998
-1.75998
-1.74998
-1.73998
-1.72998
-1.71998
-1.70998
-1.69998
-1.68998
-1.67998
-1.66998
-1.65998
-1.64998
-1.63998
-1.62998
-1.61998
-1.60998
-1.59998
-1.58998
-1.57998
-1.56998
-1.55998
-1.54998
-1.53998
-1.52998
-1.51998
-1.50998
-1.49998
-1.48998
-1.47998
-1.46998
-1.45998
-1.44998
-1.43998
-1.42998
-1.41998
-1.40998
-1.39998
-1.38998
-1.37998
-1.36998
-1.35998
-1.34998
-1.33998
-1.32998
-1.31998
-1.30998
-1.29998
-1.28998
-1.27998
-1.26998
-1.25998
-1.24998
-1.23998
-1.22998
-1.21998
-1.20998
-1.19998
-1.18998
-1.17998
-1.16998
-1.15998
-1.14998
-1.13998
-1.12998
-1.11998
-1.10998
-1.09998
-1.08998
-1.07998
-1.06998
-1.05998
-1.04998
-1.03998
-1.02998
-1.01998
-1.00998
-0.99998
-0.98998
-0.97998
-0.96998
-0.95998
-0.94998
-0.93998
-0.92998
-0.91998
-0.90998
-0.89998
-0.88998
-0.87998
-0.86998
-0.85998
-0.84998
-0.83998
-0.82998
-0.81998
-0.80998
-0.79998
-0.78998
-0.77998
-0.76998
-0.75998
-0.74998
-0.73998
-0.72998
-0.71998
-0.70998
-0.69998
-0.689981
-0.679981
-0.669981
-0.659981
-0.649981
-0.639981
-0.629981
-0.619981
-0.609981
-0.599981
-0.589981
-0.579981
-0.569981
-0.559981
-0.549981
-0.539981
-0.529981
-0.519981
-0.509981
-0.499981
-0.489981
-0.479981
-0.469981
-0.459981
-0.449981
-0.439981
-0.429981
-0.419981
-0.409981
-0.399981
-0.389981
-0.379981
-0.369981
-0.359981
-0.349981
-0.339981
-0.329981
-0.319981
-0.309981
-0.299981
-0.289981
-0.279981
-0.269981
-0.259981
-0.249981
-0.239981
-0.229981
-0.219981
-0.209981
-0.199981
-0.189981
-0.179981
-0.169981
-0.159981
-0.149981
-0.139981
-0.129981
-0.119981
-0.109981
-0.0999809
-0.0899809
-0.0799809
-0.0699809
-0.0599809
-0.0499809
-0.0399809
-0.0299809
-0.0199809
-0.00998087
1.91331e-05
0.0100191
0.0200191
0.0300191
0.0400191
0.0500191
0.0600191
0.0700191
0.0800191
0.0900191
0.100019
0.110019
0.120019
0.130019
0.140019
0.150019
0.160019
0.170019
0.180019
0.190019
0.200019
0.210019
0.220019
0.230019
0.240019
0.250019
0.260019
0.270019
0.280019
0.290019
0.300019
0.310019
0.320019
0.330019
0.340019
0.350019
0.360019
0.370019
0.380019
0.390019
0.400019
0.410019
0.420019
0.430019
0.440019
0.450019
0.460019
0.470019
0.480019
0.490019
0.500019
0.510019
0.520019
0.530019
0.540019
0.550019
0.560019
0.570019
0.580019
0.590019
0.600019
0.610019
0.620019
0.630019
0.640019
0.650019
0.660019
0.670019
0.680019
0.690019
0.700019
0.710019
0.720019
0.730019
0.740019
0.750019
0.760019
0.770019
0.780019
0.790019
0.800019
0.810019
0.820019
0.830019
0.840019
0.850019
0.860019
0.870019
0.880019
0.890019
0.900019
0.910019
0.920019
0.930019
0.940019
0.950019
0.960019
0.970019
0.980018
0.990018
1.00002
1.01002
1.02002
1.03002
1.04002
1.05002
1.06002
1.07002
1.08002
1.09002
1.10002
1.11002
1.12002
1.13002
1.14002
1.15002
1.16002
1.17002
1.18002
1.19002
1.20002
1.21002
1.22002
1.23002
1.24002
1.25002
1.26002
1.27002
1.28002
1.29002
1.30002
1.31002
1.32002
1.33002
1.34002
1.35002
1.36002
1.37002
1.38002
1.39002
1.40002
1.41002
1.42002
1.43002
1.44002
1.45002
1.46002
1.47002
1.48002
1.49002
1.50002
1.51002
1.52002
1.53002
1.54002
1.55002
1.56002
1.57002
1.58002
1.59002
1.60002
1.61002
1.62002
1.63002
1.64002
1.65002
1.66002
1.67002
1.68002
1.69002
1.70002
1.71002
1.72002
1.73002
1.74002
1.75002
1.76002
1.77002
1.78002
1.79002
1.80002
1.81002
1.82002
1.83002
1.84002
1.85002
1.86002
1.87002
1.88002
1.89002
1.90002
1.91002
1.92002
1.93002
1.94002
1.95002
1.96002
1.97002
1.98002
1.99002
2.00002
2.01002
2.02002
2.03002
2.04002
2.05002
2.06002
2.07002
2.08002
2.09002
2.10002
2.11002
2.12002
2.13002
2.14002
2.15002
2.16002
2.17002
2.18002
2.19002
2.20002
2.21002
2.22002
2.23002
2.24002
2.25002
2.26002
2.27002
2.28002
2.29002
2.30002
2.31002
2.32002
2.33002
2.34002
2.35002
2.36002
2.37002
2.38002
2.39002
2.40002
2.41002
2.42002
2.43002
2.44002
2.45002
2.46002
2.47002
2.48002
2.49002
2.50002
2.51002
2.52002
2.53002
2.54002
2.55002
2.56002
2.57002
2.58002
2.59002
2.60002
2.61002
2.62002
2.63002
2.64002
2.65002
2.66002
2.67002
2.68002
2.69002
2.70002
2.71002
2.72002
2.73002
2.74002
2.75002
2.76002
2.77002
2.78002
2.79002
2.80002
2.81002
2.82002
2.83002
2.84002
2.85002
2.86002
2.87002
2.88002
2.89002
2.90002
2.91002
2.92002
2.93002
2.94002
2.95002
2.96002
2.97002
2.98002
2.99002
3.00002
3.01002
3.02002
3.03002
3.04002
3.05002
3.06002
3.07002
3.08002
3.09002
3.10002
3.11002
3.12002
3.13002
3.14002
3.15002
3.16002
3.17002
3.18002
3.19002
3.20002
3.21002
3.22002
3.23002
3.24002
3.25002
3.26002
3.27002
3.28002
3.29002
3.30002
3.31002
3.32002
3.33002
3.34002
3.35002
3.36002
3.37002
3.38002
3.39002
3.40002
3.41002
3.42002
3.43002
3.44002
3.45002
3.46002
3.47002
3.48002
3.49002
3.50002
3.51002
3.52002
3.53002
3.54002
3.55002
3.56002
3.57002
3.58002
3.59002
3.60002
3.61002
3.62002
3.63002
3.64002
3.65002
3.66002
3.67002
3.68002
3.69002
3.70002
3.71002
3.72002
3.73002
3.74002
3.75002
3.76002
3.77002
3.78002
3.79002
3.80002
3.81002
3.82002
3.83002
3.84002
3.85002
3.86002
3.87002
3.88002
3.89002
3.90002
3.91002
3.92002
3.93002
3.94002
3.95002
3.96002
3.97002
3.98002
3.99002
4.00002
4.01002
4.02002
4.03002
4.04002
4.05002
4.06002
4.07002
4.08002
4.09002
4.10002
4.11002
4.12002
4.13002
4.14002
4.15002
4.16002
4.17002
4.18002
4.19002
4.20002
4.21002
4.22002
4.23002
4.24002
4.25002
4.26002
4.27002
4.28002
4.29002
4.30002
4.31002
4.32002
4.33002
4.34002
4.35002
4.36002
4.37002
4.38002
4.39002
4.40002
4.41003
4.42003
4.43003
4.44003
4.45003
4.46003
4.47003
4.48003
4.49003
4.50003
4.51003
4.52003
4.53003
4.54003
4.55003
4.56003
4.57003
4.58003
4.59003
4.60003
4.61003
4.62003
4.63003
4.64003
4.65003
4.66003
4.67003
4.68003
4.69003
4.70003
4.71003
4.72003
4.73003
4.74003
4.75003
4.76003
4.77003
4.78003
4.79003
4.80003
4.81003
4.82003
4.83003
4.84003
4.85004
4.86004
4.87004
4.88004
4.89004
4.90004
4.91004
4.92004
4.93004
4.94004
4.95004
4.96004
4.97004
4.98004
4.99004
5.00004
